问题 E: 宝岛探险
1587
    题目描述
    小哼通过秘密方法得到一张不完整的钓鱼岛航拍地图。
    钓鱼岛由一个主岛和一些附属岛屿组成，小哼决定去钓鱼岛探险。
    下面这个10*10的二维矩阵就是钓鱼岛的航拍地图。
    图中数字表示海拔，0表示海洋，1~9都表示陆地。
    小哼的飞机将会降落在(6,8)处，现在需要计算出小哼降落所在岛的面积（即有多少个格子）。
    注意此处我们把与小哼降落点上下左右相链接的陆地均视为同一岛屿。

    输入
    多组输入n,m,x,y
    n<=100
    m<=100
    0<x<=n
    0<y<=m
    其后n*m个数字

    输出
    输出面积

    样例输入复制
    10 10 6 8
    1 2 1 0 0 0 0 0 2 3
    3 0 2 0 1 2 1 0 1 2
    4 0 1 0 1 2 3 2 0 1
    3 2 0 0 0 1 2 4 0 0
    0 0 0 0 0 0 1 5 3 0
    0 1 2 1 0 1 5 4 3 0
    0 1 2 3 1 3 6 2 1 0
    0 0 3 4 8 9 7 5 0 0
    0 0 0 3 7 8 6 0 1 2
    0 0 0 0 0 0 0 0 1 0

    样例输出复制
    38